att48 1401529 0.128 672283 1000484 1.429 
berlin52 466553 0.144 145263 194562 1.837 
st70 63055 0.325 23414 35047 3.270 
eil51 28763 0.119 10345 13225 1.440 
eil76 66153 0.359 20230 28394 4.333 
rat99 169724 0.809 62041 98138 7.940 
pr76 10696718 0.406 3572692 5674204 4.235 
pr107 2990346 0.987 2165245 4060223 10.853 
kroA100 2477440 0.609 1169959 1897039 7.907 
kroB100 3327962 0.738 1159713 1889538 8.326 
kroC100 3269761 0.889 1025222 1831810 8.746
kroD100 3191485 0.842 1083653 1822880 8.317 
kroE100 3235846 0.823 1080603 1872570 8.201
lin105 1856717 1.051 693880 1215259 9.424 
